function data = get_krec_vs_pressure_experimental_666()
% Returns experimental data for krec (2nd col, in m^6/s) as a function of pressure (1st col, in bar)
  data = [...
    3.333059210527070E-02	6.334720947444890E-46;
    6.666118421054150E-02	6.334720947444890E-46;
    1.333223684210830E-01	6.583141376756450E-46;
    2.666447368421660E-01	5.775774981493870E-46;
    2.666667000000000E-01	6.000000000000000E-46;
    5.332890000000000E-01	5.750000000000000E-46;
    5.332894736843320E-01	5.876695780901690E-46;
    1.013250000000000E+00	6.800000000000000E-46;
    3.039750000000000E+00	6.000000000000000E-46;
    4.053000000000000E+00	5.700000000000000E-46;
    5.000000000000000E+00	4.916666666660000E-46;
    6.079500000000000E+00	5.800000000000000E-46;
    1.000000000000000E+01	5.000000000000000E-46;
    1.013250000000000E+01	5.400000000000000E-46;
    1.317230000000000E+01	5.312500000000000E-46;
    2.000000000000000E+01	5.000000000000000E-46;
    2.634450000000000E+01	5.303030300000000E-46;
    3.039750000000000E+01	4.933333333000000E-46;
    5.000000000000000E+01	4.500000000000000E-46;
    5.268900000000000E+01	3.615384600000000E-46;
    6.079500000000000E+01	3.866666700000000E-46;
    6.500000000000000E+01	4.000000000000000E-46;
    1.000000000000000E+02	3.166666666600000E-46;
    1.013250000000000E+02	3.820000000000000E-46;
    1.094310000000000E+02	2.592592600000000E-46;
    1.519880000000000E+02	2.631578900000000E-46;
    1.700000000000000E+02	2.571428571428000E-46;
    2.000000000000000E+02	2.380952380952000E-46;
    2.026500000000000E+02	2.040000000000000E-46;
    2.067030000000000E+02	2.156862700000000E-46;
    5.000000000000000E+02	2.150537634408000E-46;
    1.000000000000000E+03	3.250000000000000E-46;
  ];
end